0.223043 0.0440109 0.650356 
0.207878 -0.00502149 0.607915 
0.168311 0.0232122 0.629515 
0.199404 0.0587225 0.605111 
0.150468 0.0197721 0.605579 
0.190035 -0.00846163 0.583979 
0.14746 0.0294382 0.548961 
0.181561 0.0552823 0.581175 
0.23037 -0.00056584 0.60146 
0.221895 0.0631781 0.598656 
0.245535 0.0484666 0.643901 
0.263588 0.0420867 0.602171 
0.132841 0.0409851 0.605623 
0.163934 0.0764954 0.581219 
0.129833 0.0506513 0.549005 
0.115369 0.0813982 0.584165 
0.130834 0.0713054 0.531384 
0.164935 0.0971495 0.563598 
0.137079 0.128477 0.530979 
0.116369 0.102052 0.566544 
0.276832 -0.0165568 0.559697 
0.229284 0.0478282 0.578778 
0.237758 -0.0159158 0.581582 
0.270976 0.0267367 0.582293 
0.25341 -0.0180254 0.548657 
0.171761 0.0205155 0.535524 
0.214337 -0.0173844 0.570541 
0.205862 0.0463595 0.567737 
0.264155 0.0811685 0.645986 
0.240516 0.09588 0.60074 
0.300203 0.116831 0.608271 
0.291252 0.0959191 0.606274 
0.234955 0.0828881 0.5995 
0.258594 0.0681766 0.644745 
0.276647 0.0617967 0.603015 
0.285691 0.0829272 0.605033 
0.246653 0.107676 0.582136 
0.290155 0.131136 0.567176 
0.30634 0.128627 0.589667 
0.29739 0.107715 0.587669 
0.175049 0.14848 0.510988 
0.202905 0.117152 0.543607 
0.215797 0.13497 0.487097 
0.230221 0.143121 0.506157 
0.175071 0.157164 0.522423 
0.202927 0.125836 0.555042 
0.230243 0.151805 0.517592 
0.215892 0.171756 0.535537 
0.145493 0.0717326 0.515078 
0.151738 0.128904 0.514673 
0.179594 0.0975766 0.547292 
0.178468 0.103862 0.497469 
0.250444 0.00361482 0.532394 
0.168794 0.0421557 0.519261 
0.202895 0.0679998 0.551475 
0.201769 0.074285 0.501653 
0.16626 0.142397 0.507165 
0.207008 0.128887 0.483274 
0.194116 0.111069 0.539784 
0.19299 0.117354 0.489961 
0.22208 0.106003 0.544044 
0.234972 0.123822 0.487534 
0.249395 0.131973 0.506594 
0.256274 0.101255 0.512839 
0.265733 0.102998 0.525679 
0.27504 0.131207 0.541924 
0.258854 0.133716 0.519433 
0.231538 0.107747 0.556884 
0.271426 0.0613098 0.537064 
0.237231 0.0660587 0.568269 
0.28478 0.00167373 0.549188 
0.278924 0.0449672 0.571784 
0.212164 0.106206 0.490398 
0.213291 0.0999207 0.540221 
0.247485 0.0951718 0.509016 
0.226183 0.117739 0.483711 
0.222874 0.0808038 0.501964 
0.258194 0.0697697 0.520582 
0.224 0.0745185 0.551787 
0.271548 0.0101336 0.532706 
0.185372 0.132878 0.596736 
0.179165 0.172645 0.641717 
0.172166 0.183625 0.596369 
0.1604 0.16837 0.597472 
0.150826 0.161598 0.540137 
0.178682 0.13027 0.572756 
0.165476 0.181017 0.572389 
0.15371 0.165762 0.573492 
0.178094 0.123442 0.597418 
0.171887 0.163209 0.642399 
0.153122 0.158934 0.598153 
0.141336 0.143653 0.599258 
0.164113 0.111381 0.574121 
0.136257 0.142709 0.541502 
0.115548 0.116284 0.577067 
0.127355 0.131592 0.575961 
0.143548 0.152162 0.540819 
0.171404 0.120834 0.573438 
0.146432 0.156326 0.574174 
0.134646 0.141045 0.575278 
0.230182 0.119846 0.560031 
0.273683 0.143307 0.545071 
0.257497 0.145816 0.522581 
0.259985 0.154252 0.53901 
0.220745 0.126787 0.558626 
0.23371 0.172707 0.539121 
0.250549 0.161193 0.537605 
0.248061 0.152756 0.521176 
0.235745 0.0991223 0.661388 
0.212105 0.113834 0.616143 
0.205898 0.153601 0.661124 
0.236799 0.153157 0.634069 
0.29652 0.0987561 0.564642 
0.244335 0.100624 0.576229 
0.295072 0.100663 0.581762 
0.287837 0.124084 0.561269 
0.291409 0.0972765 0.553289 
0.282725 0.122605 0.549916 
0.273418 0.0943958 0.533671 
0.239223 0.0991447 0.564876 
0.295961 0.0849889 0.570351 
0.294513 0.0868961 0.587471 
0.243776 0.086857 0.581938 
0.285469 0.0657655 0.585453 
0.29085 0.0835093 0.558998 
0.238664 0.0853774 0.570585 
0.272859 0.0806286 0.53938 
0.280357 0.064286 0.5741 
0.155805 0.0819897 0.609767 
0.124712 0.0464795 0.634171 
0.0953949 0.0739257 0.669936 
0.107239 0.0868926 0.612713 
0.119877 0.128107 0.593146 
0.156636 0.107896 0.591306 
0.104582 0.127946 0.614299 
0.10807 0.112799 0.594252 
0.132967 0.138881 0.606136 
0.117671 0.138719 0.627289 
0.169725 0.11867 0.604296 
0.163518 0.158437 0.649277 
0.149327 0.0991587 0.609331 
0.0889176 0.0910946 0.6695 
0.0972734 0.119208 0.632324 
0.100762 0.104062 0.612277 
0.162417 0.109932 0.62232 
0.110363 0.129982 0.645313 
0.102007 0.101868 0.682489 
0.156209 0.1497 0.667302 
0.187513 0.184808 0.601681 
0.225413 0.173384 0.619974 
0.194512 0.173829 0.647029 
0.20072 0.134062 0.602048 
0.193438 0.18671 0.581754 
0.219609 0.181883 0.562615 
0.231338 0.175286 0.600047 
0.206644 0.135963 0.582121 
0.177199 0.184239 0.566135 
0.162549 0.16482 0.533883 
0.20337 0.179413 0.546996 
0.190405 0.133492 0.566501 
0.291266 0.126387 0.64219 
0.240519 0.103072 0.609219 
0.300206 0.124024 0.61675 
0.264158 0.0883609 0.654464 
0.280453 0.132064 0.645402 
0.254399 0.148072 0.630357 
0.229705 0.10875 0.612431 
0.253345 0.094038 0.657676 
0.196144 0.0783054 0.629858 
0.219784 0.0635939 0.675103 
0.194072 0.0779333 0.712746 
0.165051 0.0427952 0.654262 
0.203835 0.101567 0.636217 
0.201763 0.101195 0.719105 
0.227474 0.0868559 0.681462 
0.197627 0.141335 0.681198 
0.170172 0.0803596 0.63447 
0.1681 0.0799875 0.717358 
0.109762 0.0722956 0.694639 
0.139079 0.0448494 0.658874 
0.177862 0.103622 0.640829 
0.117452 0.0955576 0.700998 
0.17579 0.10325 0.723716 
0.171655 0.143389 0.68581 
0.265538 0.159093 0.618703 
0.291592 0.143084 0.633748 
0.240845 0.11977 0.600777 
0.300532 0.140721 0.608308 
0.298293 0.140766 0.593496 
0.263299 0.159138 0.603892 
0.282107 0.143275 0.571006 
0.238606 0.119815 0.585966 
0.249738 0.165319 0.554718 
0.244628 0.170236 0.593664 
0.232899 0.176834 0.556233 
0.219935 0.130913 0.575738 
0.272873 0.147433 0.562183 
0.254065 0.163296 0.595069 
0.259175 0.158379 0.556122 
0.229371 0.123973 0.577143 
