1.26642e+07
1.31533e+07
1.3904e+07
1.29252e+07
1.43107e+07
1.356e+07
1.43871e+07
1.33319e+07
1.25725e+07
1.23445e+07
1.20835e+07
1.14439e+07
1.46452e+07
1.36664e+07
1.47216e+07
1.49769e+07
1.4679e+07
1.36238e+07
1.44647e+07
1.49343e+07
1.11603e+07
1.21265e+07
1.23546e+07
1.12259e+07
1.17647e+07
1.37861e+07
1.2959e+07
1.27309e+07
1.1266e+07
1.15269e+07
9.61679e+06
1.01189e+07
1.18389e+07
1.15779e+07
1.09383e+07
1.04309e+07
1.12161e+07
9.94943e+06
9.30599e+06
9.80815e+06
1.34789e+07
1.2638e+07
1.24369e+07
1.20147e+07
1.34849e+07
1.2644e+07
1.20208e+07
1.24624e+07
1.432e+07
1.41057e+07
1.32648e+07
1.34136e+07
1.17402e+07
1.37616e+07
1.27064e+07
1.28552e+07
1.37175e+07
1.26755e+07
1.28766e+07
1.30254e+07
1.20828e+07
1.18817e+07
1.14595e+07
1.11268e+07
1.07975e+07
1.04868e+07
1.11302e+07
1.17535e+07
1.08047e+07
1.17606e+07
1.07944e+07
1.08601e+07
1.24702e+07
1.23213e+07
1.13654e+07
1.21203e+07
1.22337e+07
1.11289e+07
1.20849e+07
1.11187e+07
1.3088e+07
1.32516e+07
1.36117e+07
1.38735e+07
1.41382e+07
1.32973e+07
1.3821e+07
1.40828e+07
1.325e+07
1.34135e+07
1.40355e+07
1.42978e+07
1.36215e+07
1.44624e+07
1.4932e+07
1.46693e+07
1.43002e+07
1.34593e+07
1.42448e+07
1.45071e+07
1.18295e+07
1.05628e+07
1.12062e+07
1.11195e+07
1.21648e+07
1.19832e+07
1.14548e+07
1.15415e+07
1.21436e+07
1.24045e+07
1.25681e+07
1.17629e+07
9.60465e+06
1.12866e+07
9.87865e+06
1.00199e+07
9.74433e+06
1.01596e+07
1.04703e+07
1.14263e+07
9.71779e+06
9.99179e+06
1.13998e+07
1.04992e+07
9.85747e+06
1.15394e+07
1.05835e+07
1.06389e+07
1.37187e+07
1.46974e+07
1.4943e+07
1.50292e+07
1.48003e+07
1.37525e+07
1.50172e+07
1.5063e+07
1.44458e+07
1.46628e+07
1.3398e+07
1.35616e+07
1.3807e+07
1.50313e+07
1.50717e+07
1.51175e+07
1.34526e+07
1.47173e+07
1.46769e+07
1.36162e+07
1.31707e+07
1.20053e+07
1.28106e+07
1.2647e+07
1.3064e+07
1.23587e+07
1.18987e+07
1.25403e+07
1.35222e+07
1.38393e+07
1.28169e+07
1.29985e+07
1.00916e+07
1.15204e+07
9.61032e+06
1.12595e+07
1.04835e+07
1.12708e+07
1.19124e+07
1.16515e+07
1.29816e+07
1.27207e+07
1.33923e+07
1.39604e+07
1.27297e+07
1.31404e+07
1.24688e+07
1.28933e+07
1.34406e+07
1.38513e+07
1.46649e+07
1.44194e+07
1.31887e+07
1.4413e+07
1.35993e+07
1.33522e+07
1.07611e+07
9.97392e+06
1.14028e+07
9.49268e+06
9.5428e+06
1.08113e+07
1.01862e+07
1.14529e+07
1.14491e+07
1.15174e+07
1.19775e+07
1.21591e+07
1.05571e+07
1.11821e+07
1.11138e+07
1.18238e+07
