0.01562 0.01562 0.01562 0.01562 0.01562 0.01562 0.01562 0.01562 0.01562 0.01562 0.01562 0.01562 0.01562 0.01562 0.01562 0.01562 0.01562 0.01562 0.01562 0.01562 0.01562 0.01562 0.01562 0.01562 0.01562 0.01562 0.01562 0.01562 0.01562 0.01562 0.01562 0.01562 0.01562 0.01562 0.01562 0.01562 0.01562 0.01562 0.01562 0.01562 0.01562 0.01562 0.01562 0.01562 0.01562 0.01562 0.01562 0.01562 0.01562 0.01562 0.01562 0.01562 0.01562 0.01562 0.01562 0.01562 0.01562 0.01562 0.01562 0.01562 0.01562 0.01562 0.01562 0.01562
-0.03750 -0.01250 0.01250 0.03750 -0.03750 -0.01250 0.01250 0.03750 -0.03750 -0.01250 0.01250 0.03750 -0.03750 -0.01250 0.01250 0.03750 -0.03750 -0.01250 0.01250 0.03750 -0.03750 -0.01250 0.01250 0.03750 -0.03750 -0.01250 0.01250 0.03750 -0.03750 -0.01250 0.01250 0.03750 -0.03750 -0.01250 0.01250 0.03750 -0.03750 -0.01250 0.01250 0.03750 -0.03750 -0.01250 0.01250 0.03750 -0.03750 -0.01250 0.01250 0.03750 -0.03750 -0.01250 0.01250 0.03750 -0.03750 -0.01250 0.01250 0.03750 -0.03750 -0.01250 0.01250 0.03750 -0.03750 -0.01250 0.01250 0.03750
0.06250 -0.06250 -0.06250 0.06250 0.06250 -0.06250 -0.06250 0.06250 0.06250 -0.06250 -0.06250 0.06250 0.06250 -0.06250 -0.06250 0.06250 0.06250 -0.06250 -0.06250 0.06250 0.06250 -0.06250 -0.06250 0.06250 0.06250 -0.06250 -0.06250 0.06250 0.06250 -0.06250 -0.06250 0.06250 0.06250 -0.06250 -0.06250 0.06250 0.06250 -0.06250 -0.06250 0.06250 0.06250 -0.06250 -0.06250 0.06250 0.06250 -0.06250 -0.06250 0.06250 0.06250 -0.06250 -0.06250 0.06250 0.06250 -0.06250 -0.06250 0.06250 0.06250 -0.06250 -0.06250 0.06250 0.06250 -0.06250 -0.06250 0.06250
-0.08333 0.25000 -0.25000 0.08333 -0.08333 0.25000 -0.25000 0.08333 -0.08333 0.25000 -0.25000 0.08333 -0.08333 0.25000 -0.25000 0.08333 -0.08333 0.25000 -0.25000 0.08333 -0.08333 0.25000 -0.25000 0.08333 -0.08333 0.25000 -0.25000 0.08333 -0.08333 0.25000 -0.25000 0.08333 -0.08333 0.25000 -0.25000 0.08333 -0.08333 0.25000 -0.25000 0.08333 -0.08333 0.25000 -0.25000 0.08333 -0.08333 0.25000 -0.25000 0.08333 -0.08333 0.25000 -0.25000 0.08333 -0.08333 0.25000 -0.25000 0.08333 -0.08333 0.25000 -0.25000 0.08333 -0.08333 0.25000 -0.25000 0.08333
-0.03750 -0.03750 -0.03750 -0.03750 -0.01250 -0.01250 -0.01250 -0.01250 0.01250 0.01250 0.01250 0.01250 0.03750 0.03750 0.03750 0.03750 -0.03750 -0.03750 -0.03750 -0.03750 -0.01250 -0.01250 -0.01250 -0.01250 0.01250 0.01250 0.01250 0.01250 0.03750 0.03750 0.03750 0.03750 -0.03750 -0.03750 -0.03750 -0.03750 -0.01250 -0.01250 -0.01250 -0.01250 0.01250 0.01250 0.01250 0.01250 0.03750 0.03750 0.03750 0.03750 -0.03750 -0.03750 -0.03750 -0.03750 -0.01250 -0.01250 -0.01250 -0.01250 0.01250 0.01250 0.01250 0.01250 0.03750 0.03750 0.03750 0.03750
0.09000 0.03000 -0.03000 -0.09000 0.03000 0.01000 -0.01000 -0.03000 -0.03000 -0.01000 0.01000 0.03000 -0.09000 -0.03000 0.03000 0.09000 0.09000 0.03000 -0.03000 -0.09000 0.03000 0.01000 -0.01000 -0.03000 -0.03000 -0.01000 0.01000 0.03000 -0.09000 -0.03000 0.03000 0.09000 0.09000 0.03000 -0.03000 -0.09000 0.03000 0.01000 -0.01000 -0.03000 -0.03000 -0.01000 0.01000 0.03000 -0.09000 -0.03000 0.03000 0.09000 0.09000 0.03000 -0.03000 -0.09000 0.03000 0.01000 -0.01000 -0.03000 -0.03000 -0.01000 0.01000 0.03000 -0.09000 -0.03000 0.03000 0.09000
-0.15000 0.15000 0.15000 -0.15000 -0.05000 0.05000 0.05000 -0.05000 0.05000 -0.05000 -0.05000 0.05000 0.15000 -0.15000 -0.15000 0.15000 -0.15000 0.15000 0.15000 -0.15000 -0.05000 0.05000 0.05000 -0.05000 0.05000 -0.05000 -0.05000 0.05000 0.15000 -0.15000 -0.15000 0.15000 -0.15000 0.15000 0.15000 -0.15000 -0.05000 0.05000 0.05000 -0.05000 0.05000 -0.05000 -0.05000 0.05000 0.15000 -0.15000 -0.15000 0.15000 -0.15000 0.15000 0.15000 -0.15000 -0.05000 0.05000 0.05000 -0.05000 0.05000 -0.05000 -0.05000 0.05000 0.15000 -0.15000 -0.15000 0.15000
0.06250 0.06250 0.06250 0.06250 -0.06250 -0.06250 -0.06250 -0.06250 -0.06250 -0.06250 -0.06250 -0.06250 0.06250 0.06250 0.06250 0.06250 0.06250 0.06250 0.06250 0.06250 -0.06250 -0.06250 -0.06250 -0.06250 -0.06250 -0.06250 -0.06250 -0.06250 0.06250 0.06250 0.06250 0.06250 0.06250 0.06250 0.06250 0.06250 -0.06250 -0.06250 -0.06250 -0.06250 -0.06250 -0.06250 -0.06250 -0.06250 0.06250 0.06250 0.06250 0.06250 0.06250 0.06250 0.06250 0.06250 -0.06250 -0.06250 -0.06250 -0.06250 -0.06250 -0.06250 -0.06250 -0.06250 0.06250 0.06250 0.06250 0.06250
-0.15000 -0.05000 0.05000 0.15000 0.15000 0.05000 -0.05000 -0.15000 0.15000 0.05000 -0.05000 -0.15000 -0.15000 -0.05000 0.05000 0.15000 -0.15000 -0.05000 0.05000 0.15000 0.15000 0.05000 -0.05000 -0.15000 0.15000 0.05000 -0.05000 -0.15000 -0.15000 -0.05000 0.05000 0.15000 -0.15000 -0.05000 0.05000 0.15000 0.15000 0.05000 -0.05000 -0.15000 0.15000 0.05000 -0.05000 -0.15000 -0.15000 -0.05000 0.05000 0.15000 -0.15000 -0.05000 0.05000 0.15000 0.15000 0.05000 -0.05000 -0.15000 0.15000 0.05000 -0.05000 -0.15000 -0.15000 -0.05000 0.05000 0.15000
-0.08333 -0.08333 -0.08333 -0.08333 0.25000 0.25000 0.25000 0.25000 -0.25000 -0.25000 -0.25000 -0.25000 0.08333 0.08333 0.08333 0.08333 -0.08333 -0.08333 -0.08333 -0.08333 0.25000 0.25000 0.25000 0.25000 -0.25000 -0.25000 -0.25000 -0.25000 0.08333 0.08333 0.08333 0.08333 -0.08333 -0.08333 -0.08333 -0.08333 0.25000 0.25000 0.25000 0.25000 -0.25000 -0.25000 -0.25000 -0.25000 0.08333 0.08333 0.08333 0.08333 -0.08333 -0.08333 -0.08333 -0.08333 0.25000 0.25000 0.25000 0.25000 -0.25000 -0.25000 -0.25000 -0.25000 0.08333 0.08333 0.08333 0.08333
-0.03750 -0.03750 -0.03750 -0.03750 -0.03750 -0.03750 -0.03750 -0.03750 -0.03750 -0.03750 -0.03750 -0.03750 -0.03750 -0.03750 -0.03750 -0.03750 -0.01250 -0.01250 -0.01250 -0.01250 -0.01250 -0.01250 -0.01250 -0.01250 -0.01250 -0.01250 -0.01250 -0.01250 -0.01250 -0.01250 -0.01250 -0.01250 0.01250 0.01250 0.01250 0.01250 0.01250 0.01250 0.01250 0.01250 0.01250 0.01250 0.01250 0.01250 0.01250 0.01250 0.01250 0.01250 0.03750 0.03750 0.03750 0.03750 0.03750 0.03750 0.03750 0.03750 0.03750 0.03750 0.03750 0.03750 0.03750 0.03750 0.03750 0.03750
0.09000 0.03000 -0.03000 -0.09000 0.09000 0.03000 -0.03000 -0.09000 0.09000 0.03000 -0.03000 -0.09000 0.09000 0.03000 -0.03000 -0.09000 0.03000 0.01000 -0.01000 -0.03000 0.03000 0.01000 -0.01000 -0.03000 0.03000 0.01000 -0.01000 -0.03000 0.03000 0.01000 -0.01000 -0.03000 -0.03000 -0.01000 0.01000 0.03000 -0.03000 -0.01000 0.01000 0.03000 -0.03000 -0.01000 0.01000 0.03000 -0.03000 -0.01000 0.01000 0.03000 -0.09000 -0.03000 0.03000 0.09000 -0.09000 -0.03000 0.03000 0.09000 -0.09000 -0.03000 0.03000 0.09000 -0.09000 -0.03000 0.03000 0.09000
-0.15000 0.15000 0.15000 -0.15000 -0.15000 0.15000 0.15000 -0.15000 -0.15000 0.15000 0.15000 -0.15000 -0.15000 0.15000 0.15000 -0.15000 -0.05000 0.05000 0.05000 -0.05000 -0.05000 0.05000 0.05000 -0.05000 -0.05000 0.05000 0.05000 -0.05000 -0.05000 0.05000 0.05000 -0.05000 0.05000 -0.05000 -0.05000 0.05000 0.05000 -0.05000 -0.05000 0.05000 0.05000 -0.05000 -0.05000 0.05000 0.05000 -0.05000 -0.05000 0.05000 0.15000 -0.15000 -0.15000 0.15000 0.15000 -0.15000 -0.15000 0.15000 0.15000 -0.15000 -0.15000 0.15000 0.15000 -0.15000 -0.15000 0.15000
0.09000 0.09000 0.09000 0.09000 0.03000 0.03000 0.03000 0.03000 -0.03000 -0.03000 -0.03000 -0.03000 -0.09000 -0.09000 -0.09000 -0.09000 0.03000 0.03000 0.03000 0.03000 0.01000 0.01000 0.01000 0.01000 -0.01000 -0.01000 -0.01000 -0.01000 -0.03000 -0.03000 -0.03000 -0.03000 -0.03000 -0.03000 -0.03000 -0.03000 -0.01000 -0.01000 -0.01000 -0.01000 0.01000 0.01000 0.01000 0.01000 0.03000 0.03000 0.03000 0.03000 -0.09000 -0.09000 -0.09000 -0.09000 -0.03000 -0.03000 -0.03000 -0.03000 0.03000 0.03000 0.03000 0.03000 0.09000 0.09000 0.09000 0.09000
-0.21600 -0.07200 0.07200 0.21600 -0.07200 -0.02400 0.02400 0.07200 0.07200 0.02400 -0.02400 -0.07200 0.21600 0.07200 -0.07200 -0.21600 -0.07200 -0.02400 0.02400 0.07200 -0.02400 -0.00800 0.00800 0.02400 0.02400 0.00800 -0.00800 -0.02400 0.07200 0.02400 -0.02400 -0.07200 0.07200 0.02400 -0.02400 -0.07200 0.02400 0.00800 -0.00800 -0.02400 -0.02400 -0.00800 0.00800 0.02400 -0.07200 -0.02400 0.02400 0.07200 0.21600 0.07200 -0.07200 -0.21600 0.07200 0.02400 -0.02400 -0.07200 -0.07200 -0.02400 0.02400 0.07200 -0.21600 -0.07200 0.07200 0.21600
-0.15000 -0.15000 -0.15000 -0.15000 0.15000 0.15000 0.15000 0.15000 0.15000 0.15000 0.15000 0.15000 -0.15000 -0.15000 -0.15000 -0.15000 -0.05000 -0.05000 -0.05000 -0.05000 0.05000 0.05000 0.05000 0.05000 0.05000 0.05000 0.05000 0.05000 -0.05000 -0.05000 -0.05000 -0.05000 0.05000 0.05000 0.05000 0.05000 -0.05000 -0.05000 -0.05000 -0.05000 -0.05000 -0.05000 -0.05000 -0.05000 0.05000 0.05000 0.05000 0.05000 0.15000 0.15000 0.15000 0.15000 -0.15000 -0.15000 -0.15000 -0.15000 -0.15000 -0.15000 -0.15000 -0.15000 0.15000 0.15000 0.15000 0.15000
0.06250 0.06250 0.06250 0.06250 0.06250 0.06250 0.06250 0.06250 0.06250 0.06250 0.06250 0.06250 0.06250 0.06250 0.06250 0.06250 -0.06250 -0.06250 -0.06250 -0.06250 -0.06250 -0.06250 -0.06250 -0.06250 -0.06250 -0.06250 -0.06250 -0.06250 -0.06250 -0.06250 -0.06250 -0.06250 -0.06250 -0.06250 -0.06250 -0.06250 -0.06250 -0.06250 -0.06250 -0.06250 -0.06250 -0.06250 -0.06250 -0.06250 -0.06250 -0.06250 -0.06250 -0.06250 0.06250 0.06250 0.06250 0.06250 0.06250 0.06250 0.06250 0.06250 0.06250 0.06250 0.06250 0.06250 0.06250 0.06250 0.06250 0.06250
-0.15000 -0.05000 0.05000 0.15000 -0.15000 -0.05000 0.05000 0.15000 -0.15000 -0.05000 0.05000 0.15000 -0.15000 -0.05000 0.05000 0.15000 0.15000 0.05000 -0.05000 -0.15000 0.15000 0.05000 -0.05000 -0.15000 0.15000 0.05000 -0.05000 -0.15000 0.15000 0.05000 -0.05000 -0.15000 0.15000 0.05000 -0.05000 -0.15000 0.15000 0.05000 -0.05000 -0.15000 0.15000 0.05000 -0.05000 -0.15000 0.15000 0.05000 -0.05000 -0.15000 -0.15000 -0.05000 0.05000 0.15000 -0.15000 -0.05000 0.05000 0.15000 -0.15000 -0.05000 0.05000 0.15000 -0.15000 -0.05000 0.05000 0.15000
-0.15000 -0.15000 -0.15000 -0.15000 -0.05000 -0.05000 -0.05000 -0.05000 0.05000 0.05000 0.05000 0.05000 0.15000 0.15000 0.15000 0.15000 0.15000 0.15000 0.15000 0.15000 0.05000 0.05000 0.05000 0.05000 -0.05000 -0.05000 -0.05000 -0.05000 -0.15000 -0.15000 -0.15000 -0.15000 0.15000 0.15000 0.15000 0.15000 0.05000 0.05000 0.05000 0.05000 -0.05000 -0.05000 -0.05000 -0.05000 -0.15000 -0.15000 -0.15000 -0.15000 -0.15000 -0.15000 -0.15000 -0.15000 -0.05000 -0.05000 -0.05000 -0.05000 0.05000 0.05000 0.05000 0.05000 0.15000 0.15000 0.15000 0.15000
-0.08333 -0.08333 -0.08333 -0.08333 -0.08333 -0.08333 -0.08333 -0.08333 -0.08333 -0.08333 -0.08333 -0.08333 -0.08333 -0.08333 -0.08333 -0.08333 0.25000 0.25000 0.25000 0.25000 0.25000 0.25000 0.25000 0.25000 0.25000 0.25000 0.25000 0.25000 0.25000 0.25000 0.25000 0.25000 -0.25000 -0.25000 -0.25000 -0.25000 -0.25000 -0.25000 -0.25000 -0.25000 -0.25000 -0.25000 -0.25000 -0.25000 -0.25000 -0.25000 -0.25000 -0.25000 0.08333 0.08333 0.08333 0.08333 0.08333 0.08333 0.08333 0.08333 0.08333 0.08333 0.08333 0.08333 0.08333 0.08333 0.08333 0.08333
